#
1 1 0.200000
2 2 0.146667
3 3 -0.173333
4 4 -0.200000
5 5 0.013333
6 6 0.040000
7 7 0.013333
8 8 0.120000
9 9 -0.093333
10 10 -0.013333
11 11 0.120000
12 12 0.173333
13 13 0.093333
14 14 0.040000
15 15 -0.146667
16 16 -0.146667
1 5 0.200000
1 6 -0.333333
1 7 0.866667
1 8 -1.000000
2 5 -0.466667
2 6 1.000000
2 7 0.600000
2 8 -0.066667
3 5 0.466667
3 6 -0.600000
3 7 -0.866667
3 8 -0.466667
4 5 0.600000
4 6 -1.000000
4 7 0.066667
4 8 -3.666667
5 13 0.333333
6 14 -0.733333
7 15 1.000000
8 16 -0.333333
9 13 -0.600000
9 14 0.866667
9 15 -0.600000
9 16 -0.466667
10 13 0.466667
10 14 -0.600000
10 15 0.733333
10 16 -0.866667
11 13 0.200000
11 14 0.333333
11 15 1.000000
11 16 -0.866667
12 13 -0.866667
12 14 0.066667
12 15 0.466667
12 16 0.600000